


 0.00000000e+00
-1.22070307e-08
-1.22070307e-08  
 4.09599896e-02
 1.31071979e-01  
 1.63840007e-01  
 2.45760121e-02 
-6.55360109e-02
-1.80223994e-01 
-1.80223991e-01 
 1.31071979e-01 
 1.06495991e-01
 9.01120199e-02 
 2.04799991e-01 
-3.27680039e-02 
-6.55359895e-02
 6.10351539e-09 
-5.73440038e-02 
 0.00000000e+00 
-4.09599835e-0

 0.36863996+0.j         
 0.20409419+0.04059433j 
-0.98646247+0.05189247j
 0.40512825-0.11416596j 
-0.08191997-0.17203201j 
 0.22178021-0.30035299j
 0.18364649+0.33042039j 
-0.11010667+0.01824715j 
-0.04096   +0.j  


 0.36864 0.04096  
 0.173024 0.115608 
-0.734228 -0.660841    
 0.260511  0.3306   
 0.172032  -0.08192     
 0.192618 0.319838 
-0.3635  -0.103785  
 0.0947424  -0.0589942


6.63551920e-03
4.22874461e-03
9.52930698e-02
1.73010529e-02
3.54549800e-03
1.36131239e-02
1.39554360e-02
1.21644911e-03
8.19200092e-05